1	0
1	1
1	2
1	3
2	4
2	5
2	6
2	7
3	8
3	9
3	10
3	11
4	12
4	13
4	14
4	15
5	16
5	17
5	18
5	19
6	20
6	21
6	22
6	23
7	24
7	25
7	26
7	27
8	28
8	29
8	30
8	31
9	32
9	33
9	34
9	35
10	36
10	37
10	38
10	39
11	40
11	41
11	42
11	43
12	44
12	45
12	46
12	47
13	48
13	49
13	50
13	51
14	52
14	53
14	54
14	55
15	56
15	57
15	58
15	59
16	60
16	61
16	62
16	63
17	64
17	65
17	66
17	67
18	68
18	69
18	70
18	71
19	72
19	73
19	74
19	75
20	76
20	77
20	78
20	79
21	80
21	81
21	82
21	83
22	84
22	85
22	86
22	87
23	88
23	89
23	90
23	91
24	92
24	93
24	94
24	95
25	96
25	13
25	97
25	98
26	99
26	100
26	101
26	102
27	103
27	104
27	105
27	106
28	0
28	107
28	108
28	109
29	110
29	111
29	112
29	113
30	114
30	115
30	116
30	117
31	118
31	13
31	119
31	120
32	121
32	122
32	123
32	124
33	125
33	126
33	127
33	128
34	129
34	130
34	131
34	132
35	133
35	134
35	135
35	136
36	137
36	138
36	139
36	140
37	141
37	142
37	143
37	144
38	145
38	146
38	147
38	148
39	149
39	150
39	67
39	151
40	152
40	153
40	154
40	155
41	156
41	157
41	158
41	159
42	160
42	161
42	162
42	163
43	164
43	165
43	166
43	167
44	168
44	169
44	170
44	171
45	172
45	173
45	174
45	175
46	176
46	177
46	178
46	179
47	180
47	181
47	182
47	183
48	184
48	185
48	186
48	187
49	188
49	189
49	190
49	191
50	192
50	193
50	194
50	195
51	196
51	197
51	198
51	199
52	200
52	201
52	202
52	203
53	204
53	67
53	151
53	205
54	206
54	14
54	207
54	208
55	209
55	210
55	211
55	212
56	213
56	214
56	215
56	12
57	216
57	217
57	218
57	219
58	220
58	221
58	149
58	222
59	223
59	224
59	225
59	226
60	227
60	228
60	229
60	230
61	231
61	232
61	233
61	234
62	235
62	236
62	237
62	238
63	1
63	239
63	240
63	241
64	188
64	207
64	242
64	243
65	180
65	244
65	67
65	245
66	145
66	246
66	247
66	248
67	112
67	249
67	250
67	251
68	252
68	253
68	254
68	255
69	0
69	256
69	257
69	258
70	259
70	260
70	261
70	262
71	263
71	264
71	265
71	266
72	112
72	267
72	268
72	269
73	270
73	271
73	272
73	273
74	274
74	275
74	276
74	277
75	278
75	279
75	280
75	281
76	282
76	33
76	283
76	154
77	284
77	285
77	13
77	286
78	133
78	287
78	288
78	136
79	193
79	111
79	289
79	290
80	291
80	292
80	10
80	293
81	188
81	169
81	294
81	295
82	296
82	297
82	298
82	299
83	300
83	301
83	302
83	303
84	166
84	304
84	305
84	306
85	307
85	308
85	208
85	309
86	310
86	311
86	197
86	312
87	313
87	314
87	315
87	316
88	0
88	317
88	318
88	319
89	193
89	320
89	250
89	321
90	322
90	323
90	324
90	214
91	325
91	326
91	327
91	328
92	329
92	183
92	330
92	110
93	331
93	332
93	333
93	334
94	335
94	336
94	337
94	338
95	339
95	96
95	340
95	341
96	342
96	343
96	344
96	345
97	346
97	347
97	273
97	348
98	271
98	349
98	350
98	351
99	352
99	353
99	354
99	355
100	356
100	357
100	358
100	359
101	360
101	361
101	362
101	363
102	364
102	365
102	366
102	367
103	368
103	369
103	291
103	370
104	371
104	372
104	373
104	374
105	375
105	376
105	377
105	57
106	378
106	379
106	380
106	381
107	382
107	207
107	155
107	383
108	384
108	385
108	386
108	387
109	388
109	389
109	390
109	391
110	392
110	393
110	307
110	394
111	395
111	396
112	397
112	398
112	399
112	400
113	227
113	401
113	402
113	403
114	404
114	405
114	406
114	407
115	408
115	409
115	410
115	411
116	412
116	301
116	413
116	414
117	415
117	416
117	417
117	418
118	419
118	107
118	420
118	421
119	422
120	165
120	423
120	424
120	425
121	104
121	246
121	298
121	347
122	112
122	264
122	426
122	427
123	428
123	429
123	430
123	431
124	432
124	433
124	434
124	435
125	12
125	436
125	437
125	438
126	439
126	440
126	441
126	442
127	443
127	282
127	444
127	445
128	92
128	446
128	447
128	448
129	449
129	450
129	451
129	452
130	169
130	453
130	454
130	455
131	456
131	457
131	458
131	459
132	460
132	461
132	462
132	463
133	464
133	465
133	466
133	467
134	468
134	469
134	470
134	471
135	472
135	473
135	474
135	475
136	476
136	477
136	478
136	479
137	480
137	481
137	482
137	483
138	484
138	485
138	486
138	487
139	488
139	489
139	490
139	491
140	492
140	493
140	494
140	495
141	342
141	343
141	344
141	345
142	496
142	490
142	497
142	498
143	499
143	171
143	500
143	501
144	25
144	502
144	503
144	504
145	505
145	4
145	506
145	507
146	508
146	509
146	510
146	511
147	512
147	513
147	514
147	515
148	164
148	110
148	516
148	517
149	518
149	519
149	520
149	521
150	522
150	523
150	524
150	525
151	526
151	527
151	528
151	529
152	530
152	531
152	532
152	533
153	534
153	535
153	536
153	537
154	538
154	534
154	539
154	540
155	541
155	153
155	542
155	543
156	66
156	213
156	544
156	545
157	546
157	306
157	547
157	437
158	548
158	549
158	550
158	551
159	164
159	552
159	120
159	285
160	282
160	553
160	554
160	555
161	284
161	556
161	110
161	557
162	558
162	559
162	560
162	561
163	562
163	171
163	563
163	564
164	417
164	565
164	566
164	567
165	568
165	510
165	569
165	570
166	568
166	569
166	571
166	572
167	573
167	574
167	424
167	575
168	538
168	534
168	540
168	539
169	576
170	577
170	578
170	579
170	580
171	581
171	582
171	583
171	584
172	192
172	193
172	194
172	585
173	420
173	586
173	326
173	587
174	193
174	588
174	589
174	590
175	591
175	592
175	593
175	594
176	16
176	595
176	566
176	596
177	597
177	598
177	599
177	600
178	601
178	602
178	603
178	604
179	605
179	606
179	607
179	608
180	443
180	609
180	438
180	610
181	192
181	193
181	194
181	585
182	592
182	393
182	336
182	611
183	612
183	16
183	613
183	614
184	615
184	616
184	617
184	618
185	619
185	620
185	621
185	622
186	623
186	376
186	624
186	625
187	282
187	438
187	531
187	592
188	626
188	627
188	628
188	629
189	576
190	630
190	631
190	632
190	633
191	634
191	635
191	636
191	637
192	592
192	638
192	336
192	639
193	640
193	641
193	417
193	642
194	294
194	643
194	644
194	295
195	342
195	566
195	343
195	645
196	96
196	646
196	647
196	648
197	649
197	206
197	650
197	651
198	219
198	652
198	653
198	654
199	655
199	656
199	657
199	658
200	659
200	660
200	661
200	367
201	615
201	662
201	663
201	664
202	665
202	666
202	667
202	668
203	598
203	13
203	207
203	669
204	428
204	670
204	671
204	672
205	673
205	674
205	675
205	676
206	677
206	678
206	679
206	680
207	510
207	681
207	682
207	683
208	684
208	248
208	685
208	686
209	687
209	688
209	689
209	690
210	193
210	415
210	691
210	692
211	693
211	694
211	695
211	696
212	697
212	227
212	698
212	699
213	700
213	701
213	691
213	702
214	703
214	704
214	705
214	706
215	346
215	707
215	708
215	393
216	709
216	189
216	194
216	710
217	711
217	712
217	197
217	713
218	592
218	714
218	715
218	67
219	716
219	717
219	718
219	719
220	720
220	721
220	722
220	723
221	724
221	725
221	726
221	727
222	395
223	728
223	729
223	730
223	731
224	732
224	733
224	734
224	735
225	736
225	737
225	738
225	739
226	25
226	502
226	740
226	503
227	741
227	742
227	743
227	744
228	741
228	742
228	743
228	744
229	741
229	742
229	743
229	744
230	741
230	742
230	743
230	744
231	745
231	15
231	746
231	747
232	484
232	748
232	749
232	291
233	750
233	751
233	752
233	753
234	754
234	644
234	56
234	755
235	659
235	756
235	757
235	4
236	297
236	758
236	759
236	760
237	284
237	761
237	762
237	763
238	416
238	17
238	764
238	765
239	766
239	767
239	643
239	768
240	769
240	25
240	165
240	770
241	697
241	771
241	772
241	773
242	774
242	775
242	776
242	777
243	1
243	778
243	779
243	780
244	781
244	199
244	782
244	783
245	193
245	196
245	784
245	785
246	786
246	787
246	788
246	789
247	790
247	791
247	792
247	793
248	794
248	795
248	555
248	376
249	322
249	796
249	797
249	798
250	25
250	711
250	594
250	799
251	800
251	801
251	802
251	803
252	298
252	290
252	804
252	805
253	806
253	807
253	808
253	809
254	745
254	659
254	810
254	811
255	812
255	18
255	813
255	814
256	815
256	816
256	817
256	818
257	111
257	104
257	819
257	628
258	820
258	821
258	271
258	822
259	823
259	426
259	824
259	825
260	826
260	296
260	827
260	828
261	829
261	830
261	831
261	832
262	833
262	834
262	835
262	836
263	837
263	838
263	839
263	825
264	840
264	146
264	841
264	842
265	415
265	554
265	641
265	296
266	843
266	844
266	845
266	846
268	786
268	787
268	788
268	789
269	847
269	848
269	849
269	850
270	647
270	851
270	852
270	853
271	854
271	855
271	856
271	857
272	858
272	787
272	725
272	859
273	282
273	592
273	110
273	860
274	861
274	456
274	655
274	862
275	260
275	516
275	863
275	519
276	416
276	864
276	702
276	865
277	866
277	296
277	867
277	868
278	329
278	869
278	870
278	871
279	872
279	873
279	874
279	875
280	876
281	877
281	878
281	879
281	880
282	881
282	145
282	513
282	208
283	882
283	87
283	883
283	884
284	346
284	14
284	885
284	128
285	886
285	887
285	888
285	889
286	149
286	227
286	547
286	77
287	877
287	244
287	531
287	592
288	138
288	890
288	891
288	892
289	11
289	125
289	591
289	893
290	534
290	535
290	536
290	537
291	598
291	13
291	417
291	894
292	860
292	425
292	895
292	896
293	282
293	180
293	544
293	710
294	112
294	897
294	898
294	420
295	235
295	730
295	827
295	899
296	900
296	901
296	902
296	903
297	144
297	904
297	905
297	906
298	12
298	416
298	315
298	907
299	826
299	213
299	908
299	909
300	193
300	711
300	756
300	240
301	111
301	104
301	819
301	628
302	208
302	910
302	911
302	912
303	144
303	904
303	905
303	906
304	913
304	914
304	915
304	916
305	536
305	315
305	16
305	917
306	918
306	919
306	920
306	921
307	713
307	282
307	922
307	923
308	66
308	924
308	925
308	926
309	213
309	545
309	927
309	762
310	858
310	15
310	928
310	860
311	701
311	929
311	930
311	931
312	794
312	208
312	932
312	933
313	244
313	519
313	934
313	168
314	935
314	936
314	3
314	937
315	938
315	38
315	939
315	940
316	659
316	419
316	941
316	761
317	942
317	697
317	943
317	312
318	944
318	316
318	149
318	167
319	945
319	138
319	946
319	947
320	948
320	949
320	950
320	951
321	952
321	953
321	954
321	955
322	152
322	956
322	957
322	147
323	4
323	343
323	958
323	959
324	246
324	183
324	960
324	961
325	962
325	145
325	963
325	895
326	165
326	964
326	649
326	965
327	966
327	66
327	393
327	592
328	270
328	812
328	967
328	968
329	745
329	909
329	969
329	441
330	970
330	971
331	197
331	554
331	972
331	973
332	207
332	974
332	420
332	975
333	164
333	33
333	976
333	977
334	33
334	728
334	978
334	979
335	980
335	981
335	982
335	983
336	984
336	985
336	986
336	987
337	988
337	989
337	990
337	991
338	263
338	992
338	993
338	994
339	12
339	206
339	995
339	693
340	996
340	423
340	290
340	997
341	236
341	436
341	201
341	649
342	665
342	247
342	998
342	999
343	1000
343	1001
343	1002
343	1003
344	1004
344	1005
344	1006
344	1007
345	308
345	1008
345	1009
345	1010
346	1011
346	513
346	1012
346	1013
347	206
347	592
347	1014
347	307
348	745
348	909
348	969
348	441
349	207
349	329
349	1015
349	795
350	118
350	765
350	166
350	616
351	747
351	1016
351	1017
351	1018
352	1019
352	1020
352	1021
352	1022
353	1023
353	7
353	1024
353	1025
354	156
354	138
354	1026
354	1027
355	206
355	552
355	513
355	1028
356	32
356	111
356	1029
356	324
357	1030
357	1031
357	1032
357	1033
358	1034
358	154
358	609
358	1035
359	198
359	166
359	316
359	1036
360	1037
360	194
360	110
360	1038
361	1039
361	223
361	1040
361	1041
362	1042
362	376
362	1043
362	1044
363	1045
363	1046
363	35
363	1047
364	112
364	1048
364	261
364	1049
365	245
365	1050
365	1051
365	298
366	746
366	120
366	1052
366	1053
367	1054
367	1055
367	1018
367	1056
368	740
368	1057
368	1058
368	1059
369	1060
369	1061
369	1062
369	1063
370	812
370	1064
370	1065
370	1066
371	598
371	877
371	1067
371	1068
372	1069
372	1070
372	1071
372	1072
373	966
373	424
373	1073
373	1074
374	1075
374	1076
374	793
374	1077
375	1078
375	1079
375	450
375	1080
376	1081
376	377
376	1082
376	1083
377	1084
377	1085
377	1086
377	1087
378	1088
378	1089
378	1090
378	1091
379	1092
379	243
379	1093
380	967
380	1094
380	1095
380	1096
381	1097
381	1098
381	1099
381	1100
382	1101
382	911
382	1102
383	765
383	1103
383	1104
383	1105
384	1106
384	1107
384	1108
384	1109
385	342
385	535
385	1110
385	107
386	1111
386	1112
386	670
386	1113
387	697
387	746
387	712
387	1114
388	1115
388	1116
388	1117
388	1118
389	1119
389	884
389	5
389	867
390	1120
390	1121
390	1122
390	350
391	342
391	634
391	1123
391	1124
392	270
392	1125
392	1126
392	1127
393	96
393	257
393	4
393	1128
394	1129
394	869
394	1130
394	1131
395	420
395	865
395	1132
395	269
396	1133
396	1134
396	1135
396	139
397	25
397	182
397	1136
397	151
398	1137
398	154
398	330
398	1138
399	1139
399	799
399	1140
399	1141
400	1142
400	1143
400	1144
400	1145
401	1146
401	1147
401	1026
401	1148
402	153
402	165
402	371
402	1149
403	745
403	659
403	810
403	811
404	1150
404	1151
404	1152
404	1153
405	284
405	860
405	571
405	917
406	1154
406	1155
406	1156
406	1157
407	1106
407	1158
407	295
407	441
408	576
408	1159
409	96
409	956
409	1160
409	1161
410	204
410	1015
410	1162
410	665
411	1115
411	1163
411	1164
411	1165
412	1146
412	1147
412	1148
412	1026
413	147
413	1166
413	1167
414	925
414	1168
414	1169
414	1170
415	1171
415	1172
415	1173
415	1174
416	1175
416	1176
416	1177
416	1178
417	1179
417	642
417	1180
417	1181
418	1182
418	1183
418	1184
418	701
419	499
419	1185
419	490
419	1186
420	180
420	1187
420	701
420	1188
421	1189
421	928
421	154
422	1190
422	266
422	1191
422	340
423	1192
423	1193
423	1028
423	1194
424	1195
424	958
424	1196
424	1197
425	188
425	1198
425	1199
425	1200
426	1201
426	1202
426	1203
426	1204
427	1205
427	1206
427	1207
427	1208
428	1209
428	374
428	1210
428	1211
429	713
429	1212
429	168
429	1213
430	1214
430	1215
430	1216
430	1217
431	1218
431	1219
431	1220
431	415
432	1221
432	1222
433	712
433	329
433	1223
433	1224
434	1225
434	1226
434	1106
434	1227
435	294
435	643
435	650
435	1228
436	1229
436	1230
436	1231
436	1232
437	1233
437	1234
437	1235
438	1236
438	1237
438	1238
438	1239
439	1240
439	1241
439	1242
439	1230
440	1243
440	1244
440	1245
440	1246
441	1247
441	1248
441	1249
441	1250
442	1251
442	1252
442	1253
442	1254
443	736
443	1255
443	1256
443	1257
444	1258
444	1259
444	1260
444	1261
445	1262
445	1263
445	1264
445	1265
446	1196
446	1266
446	1267
446	1268
447	1269
447	1270
447	1271
447	1272
448	1205
448	1273
448	1274
448	1275
449	741
449	742
449	743
449	744
450	741
450	742
450	743
450	744
451	12
451	1276
451	155
451	1277
452	754
452	755
452	1278
452	1279
453	642
453	1280
453	1281
453	1282
454	169
454	1283
454	57
454	1284
455	92
455	1285
455	1286
456	1287
456	1158
456	1288
456	1289
457	133
457	136
457	1067
457	1290
458	197
458	315
458	1046
458	417
459	1291
460	659
460	821
460	1111
460	382
461	1198
461	1292
461	1293
461	66
462	1294
462	1295
462	1296
462	1297
463	1298
463	1299
463	1300
463	1301
464	1302
464	1303
464	1304
464	1305
465	1306
465	665
465	316
465	1307
466	416
466	1308
466	1309
466	1310
467	592
467	1311
467	1312
467	134
468	1313
468	522
468	1130
468	1314
469	666
469	1315
469	553
469	1316
470	235
470	110
470	1317
470	107
471	118
471	189
471	749
471	1318
472	642
472	1319
472	855
473	261
473	56
473	1320
473	1321
474	562
474	673
474	1322
474	1323
475	1324
475	1325
475	1326
475	1327
476	573
476	1328
476	531
476	700
477	1329
477	15
477	1330
477	616
478	1331
478	558
478	477
478	1332
479	477
479	1333
479	1334
479	1335
480	1331
480	1336
480	1337
480	1338
481	553
481	1339
481	1340
481	1341
482	1342
482	1343
482	553
482	1344
483	861
483	1345
483	1346
483	478
484	861
484	1347
484	1348
484	1349
485	456
485	1350
485	1351
485	1352
486	861
486	456
486	655
486	862
487	1205
487	456
487	1353
487	1354
488	1355
489	1331
489	1345
489	478
489	1356
490	1331
490	1357
490	1338
490	1358
491	1359
491	1360
491	1361
491	478
492	1362
492	1363
492	1364
492	1365
493	1366
493	1367
493	1368
493	1369
494	1331
494	1370
494	1371
494	1091
495	92
495	1372
495	1373
495	1374
496	477
496	1375
496	1376
496	464
497	558
497	1331
497	1377
497	1152
498	861
498	558
498	1378
498	1379
499	1380
499	294
499	1365
499	1381
500	913
500	914
500	915
500	916
501	1382
501	1383
501	1384
501	1385
502	530
502	1386
502	1387
502	1388
503	643
503	248
503	1389
503	1390
504	1391
504	1392
504	1393
504	13
505	1394
505	1357
505	1395
505	1358
506	1363
506	1396
506	1397
506	1398
507	466
507	443
507	1399
507	674
508	204
508	1400
508	945
508	1401
509	697
509	1402
509	1403
509	1404
510	118
510	1405
510	647
510	628
511	925
511	656
511	1406
511	657
512	1407
512	1408
512	1409
512	1410
513	468
513	1411
513	1412
513	1413
514	530
514	531
514	1236
514	1414
515	1074
515	1415
515	1416
515	1417
516	1418
516	267
516	1419
516	1420
517	530
517	531
517	455
517	1421
518	45
518	441
518	220
518	1422
519	861
519	1423
519	1424
519	1425
520	1426
520	272
520	299
520	1427
521	592
521	1428
521	1429
521	747
522	1430
522	1431
522	1432
522	1433
523	294
523	1108
523	1434
523	1435
524	1436
524	1437
524	1438
524	1264
525	861
525	722
525	1439
525	1440
526	1441
526	657
526	1442
526	1443
527	316
527	1444
527	1445
527	1446
528	1134
528	1447
528	1064
528	702
529	1448
529	1449
529	1450
529	1451
530	415
530	1452
530	171
530	1453
531	1454
531	1455
531	1456
531	1457
532	1458
532	1459
532	1460
532	1461
533	482
533	1462
533	1463
533	1464
534	107
534	1465
534	1466
534	1467
535	189
535	264
535	763
535	1468
536	1469
536	1470
536	1471
536	1472
537	1473
537	713
537	1474
537	1475
538	189
538	794
538	1476
538	670
539	97
539	1477
539	1478
540	152
540	204
540	1161
540	1479
541	1218
541	1288
541	1480
541	1481
542	1482
542	1483
542	1484
542	81
543	209
543	1485
543	1486
544	909
544	670
544	1487
544	1488
545	1115
545	150
545	1489
545	1490
546	12
546	329
546	1138
546	1491
547	1492
547	1493
547	1494
547	1495
548	133
548	1496
548	427
548	1497
549	944
549	715
549	1498
549	213
550	395
551	1499
551	1025
551	1500
551	1501
552	316
552	544
552	999
552	437
553	713
553	1502
553	1406
553	842
554	346
554	1503
554	1504
554	1505
555	12
555	454
555	1506
555	1507
556	1508
556	1509
556	1510
556	1511
557	1512
557	1513
557	1514
558	1515
558	519
558	1516
558	1517
559	196
559	329
559	1518
559	1519
560	1520
560	1521
560	1522
560	1523
561	592
561	631
561	635
561	701
562	552
562	13
562	910
562	244
563	1524
563	1525
563	1526
564	1527
564	1528
564	1529
564	1530
565	311
565	1531
565	1532
565	1533
566	193
566	547
566	1534
566	127
567	718
567	1535
567	1536
568	713
568	330
568	145
568	1537
569	659
569	746
569	236
569	1538
570	346
570	642
570	13
570	1539
571	56
571	484
571	1105
571	1136
572	721
572	111
572	1540
572	292
573	916
573	1541
573	1542
573	1543
574	702
574	1544
574	107
574	759
575	709
575	337
575	1545
575	1546
576	966
576	1547
576	927
576	1548
577	1549
577	1550
577	1551
577	376
578	966
578	152
578	145
578	1552
579	424
579	1544
579	1538
579	250
580	1553
580	1554
580	1555
581	196
581	1556
581	1557
581	984
582	17
582	66
582	296
582	914
583	711
583	1558
583	67
583	1559
584	1560
584	1561
584	1562
584	700
585	1563
585	1564
585	1565
585	1566
586	291
586	1567
586	1568
586	1569
587	1570
587	1571
587	1572
588	1573
588	1574
588	1575
588	496
589	655
589	369
589	1576
589	1577
590	1578
590	1579
590	1580
590	1581
591	1582
591	894
591	1583
591	1584
592	598
592	1585
592	1586
592	1587
593	1588
593	1589
593	1590
593	1591
594	1592
594	1593
594	1594
594	1595
595	592
595	152
595	1596
595	154
596	1597
596	1598
596	1599
596	266
597	342
597	444
597	908
597	1164
598	1600
598	1601
598	430
598	1602
599	446
599	1603
599	1604
600	4
600	1605
600	868
601	1606
601	1345
601	1607
601	1608
602	1609
602	1610
602	1611
602	1612
603	477
603	1357
603	1613
603	1614
604	1615
604	1616
604	1617
604	1618
605	460
605	1619
605	1347
605	1620
606	1621
606	1622
606	1623
606	1624
607	1625
607	1626
607	1623
607	1627
608	1345
608	1205
608	1628
608	1629
609	375
609	531
609	1630
609	1631
610	1610
610	1632
610	1633
610	1634
611	1635
611	1636
611	1637
611	1638
612	1639
612	1640
612	1641
612	1642
613	1366
613	1643
613	1644
613	1645
614	1380
614	1646
614	1363
614	1647
615	1648
615	1649
615	1650
615	1651
616	1652
616	1653
616	1654
616	1655
617	1656
617	1657
617	1658
617	1659
618	655
618	1333
618	1660
618	1661
619	259
619	13
619	182
619	821
620	137
620	13
620	1392
620	34
621	1176
621	459
621	1662
622	993
622	1175
622	1663
622	1664
623	392
623	1402
623	1665
623	670
624	1666
624	1667
624	1668
624	366
625	1669
625	1670
625	1671
625	1672
626	1365
626	1673
626	1674
626	1675
627	346
627	207
627	565
627	329
628	108
628	1676
628	592
628	1283
629	499
629	1236
629	1677
629	1678
630	553
630	1343
630	1396
630	1679
631	437
631	453
631	1680
631	1681
632	877
632	536
632	992
632	1682
633	112
633	1683
633	1684
633	1685
634	77
634	1686
635	1687
635	535
635	622
635	1688
636	235
636	599
636	369
636	1689
637	1192
637	1690
637	1691
637	1692
638	510
638	1693
638	1694
638	1695
639	1696
639	1697
639	1698
639	1699
640	1700
640	1066
640	201
640	1701
641	1702
641	1703
641	1704
641	1705
642	1111
642	794
642	757
642	1706
643	197
643	1707
643	1708
643	1709
644	1710
644	1711
644	1712
644	1713
645	1714
645	1715
645	1716
645	1717
646	1718
646	559
646	1719
646	1720
647	1721
647	1722
647	1723
647	1724
648	1725
648	1088
648	1726
648	1727
649	592
649	1587
649	1728
649	336
650	1729
650	1730
650	1731
650	1732
651	264
651	118
651	420
651	207
652	711
652	213
652	56
653	1441
653	622
653	1412
653	1733
654	659
654	1392
654	1734
654	1735
655	1736
655	1473
655	1737
655	1738
656	1349
656	1739
656	1740
656	1741
657	1742
657	1743
657	1744
657	1745
658	1746
658	1747
658	1748
658	1749
659	1331
659	1750
659	1364
659	1381
660	168
660	869
660	1029
660	1255
661	1606
661	464
661	292
661	1751
662	311
662	1752
662	171
662	1753
663	562
663	1339
663	1389
663	1754
664	1755
664	1756
664	1757
664	1758
665	16
665	1759
665	1124
665	1760
666	1761
666	1762
666	1763
666	1764
667	1765
667	197
667	532
667	1766
668	1767
668	1768
668	1244
668	1769
669	505
669	1770
669	1771
669	1772
670	916
670	1541
670	1542
670	1543
671	1262
671	1773
671	1774
671	1775
672	1776
672	1777
672	853
672	350
673	592
673	714
673	715
673	67
674	1567
674	605
674	338
674	1778
675	1779
675	1780
675	1781
675	1782
676	697
676	712
676	222
676	315
677	459
677	1783
677	1784
677	1785
678	111
678	1014
678	708
678	895
679	342
679	1786
679	1732
679	1787
680	843
680	844
680	845
680	846
681	1788
681	1789
681	1535
681	1790
682	1791
682	1792
682	1793
682	991
683	1794
683	1795
683	1796
683	1797
684	598
684	1064
684	14
684	1798
685	235
685	750
685	1799
685	154
686	346
686	598
686	297
686	1800
687	1110
687	1525
687	1801
687	1802
688	1803
688	1804
688	1805
688	1806
689	25
689	1582
689	768
689	1807
690	196
690	867
690	1808
690	1809
691	1810
691	1811
691	748
691	1212
692	164
692	757
692	609
692	428
693	592
693	552
693	336
693	1587
694	1812
694	1813
694	1814
694	1815
695	989
695	1816
695	1817
695	1818
696	282
696	794
696	1013
696	1819
697	244
697	611
697	1820
697	1821
698	1822
698	1823
698	1824
698	1352
699	712
699	45
699	429
699	1138
700	182
700	1825
700	125
700	1826
701	1827
701	1657
701	1828
702	1829
702	1830
702	1831
702	840
703	1826
703	1832
703	1180
703	1681
704	1833
704	1834
704	1835
704	1836
705	1609
705	1837
705	1838
705	1839
706	1421
706	1533
706	1840
706	1841
707	1842
707	453
707	999
707	1843
708	1844
708	1845
708	1846
708	1847
709	1848
709	1849
709	1850
709	1851
710	794
710	1852
710	1853
710	1854
711	1149
711	1855
711	985
711	1856
712	56
712	15
712	1857
712	1583
713	826
713	223
713	631
713	1289
714	312
714	591
714	1858
714	1859
715	113
715	1860
715	1861
715	1862
716	17
716	866
716	649
716	295
717	165
717	554
717	1863
717	1568
718	1864
718	1865
718	1866
718	1867
719	1868
719	693
719	1330
719	47
720	415
720	1582
720	199
720	1869
721	1223
721	1870
721	789
721	1871
722	259
722	290
722	1110
722	1113
723	371
723	1029
723	138
723	881
724	137
724	795
724	1872
724	1873
725	915
725	1848
725	1105
725	376
726	513
726	626
726	323
726	1874
727	711
727	1875
727	1707
727	1876
728	342
728	15
728	312
728	1877
729	271
729	944
729	1180
729	1878
730	1879
730	569
730	1880
730	682
731	393
731	371
731	1881
732	536
732	16
732	1877
732	1882
733	1883
733	1884
733	1885
733	1886
734	371
734	1887
734	104
734	1888
735	0
735	118
735	1889
735	1890
736	1891
736	1892
736	1893
736	1894
737	259
737	1554
737	296
737	972
738	1600
738	44
738	648
738	1895
739	1582
739	812
739	1371
739	1597
740	1187
740	1896
740	1897
740	1898
741	813
741	1283
741	838
741	1550
742	270
742	14
742	1899
742	109
743	682
743	995
743	1900
743	1901
744	1902
744	812
744	1903
744	944
745	1904
745	1905
745	1906
745	1907
746	110
746	1908
746	1909
746	740
747	1910
748	110
748	864
748	1911
748	1912
749	1913
749	1914
749	1915
749	1916
750	207
750	1552
750	197
750	1917
751	4
751	591
751	446
751	1918
752	1919
752	840
752	927
752	448
753	1920
753	1921
753	1922
753	1923
754	1582
754	1924
754	159
754	1925
755	96
755	1926
755	1927
755	1928
756	375
756	531
756	778
756	1630
757	1929
757	1930
757	1931
757	1932
758	1933
758	1934
758	1935
758	1936
759	1195
759	1937
759	1938
759	1939
760	1940
760	1941
760	1942
760	1943
761	180
761	1944
761	1759
761	747
762	1860
762	1945
762	838
762	1946
763	156
763	1569
763	1947
763	1948
764	182
764	1949
764	1950
764	972
765	1115
765	1951
765	1799
765	1802
766	96
766	747
766	894
766	1952
767	1953
767	747
767	1954
767	1955
768	1956
768	1957
768	1958
768	638
769	894
769	1959
769	254
769	80
770	118
770	151
770	1017
770	895
771	713
771	855
771	1960
771	1961
772	1962
772	1963
772	1964
772	1965
773	1966
773	1967
773	1968
773	1969
774	747
774	1970
774	1776
774	1874
775	812
775	642
775	438
775	508
776	153
776	565
776	878
776	1971
777	1972
777	1973
777	1974
777	1975
778	443
778	180
778	1392
778	1976
779	152
779	1977
779	1978
779	829
780	112
780	913
780	1946
780	1979
781	189
781	536
781	985
781	1980
782	213
782	344
782	1981
782	1982
783	1983
783	417
783	1984
783	605
784	1985
784	796
784	1986
784	1987
785	509
785	866
785	1988
785	127
786	509
786	999
786	1111
786	1311
787	1679
787	1989
787	290
787	440
788	1990
788	1991
788	1992
788	1993
789	208
789	1994
789	1995
789	46
790	1287
790	1996
790	1997
790	1998
791	1999
791	2000
791	2001
791	2002
792	794
792	98
792	449
792	1311
793	1584
793	1491
793	2003
793	2004
794	416
794	1013
794	2005
794	2006
795	2007
795	2008
795	2009
795	2010
796	745
796	512
796	311
796	502
797	1045
797	2011
797	2012
797	896
798	197
798	2013
798	358
798	2014
799	2015
799	2016
799	2017
799	2018
800	296
800	1784
800	1074
800	1274
801	108
801	2019
801	2020
801	2021
802	2022
802	2023
802	2024
802	1051
803	1182
803	2025
803	2026
803	2027
804	336
804	329
804	60
804	965
805	530
805	531
805	2028
805	1303
806	2029
806	2030
806	2031
806	2032
807	2033
807	2034
807	2035
807	2036
808	2037
808	2038
808	2039
808	2040
809	415
809	152
809	66
809	1481
810	554
810	2041
810	283
810	248
811	2042
811	2043
811	2044
811	2045
812	1881
812	2046
812	2047
812	2048
813	2049
813	1343
813	2050
813	2051
814	2052
814	2053
814	2054
814	2055
815	746
815	64
815	2056
815	2057
816	1777
816	2058
816	2059
816	1488
817	2060
817	2061
817	2062
817	2063
818	1035
818	1585
818	2064
818	2065
819	371
819	1877
819	1136
819	2066
820	2067
820	2068
820	1035
820	2069
821	1339
821	1135
821	823
821	2070
822	2071
822	508
822	2072
822	2073
823	714
823	1983
823	1311
823	544
824	513
824	298
824	2074
824	2075
825	291
825	2076
825	2077
825	2078
826	934
826	2079
826	1023
826	2080
827	966
827	2081
827	964
827	2082
828	2083
828	2084
828	2085
828	1441
829	826
829	44
829	442
829	1154
830	2086
830	2087
830	2088
830	2089
831	235
831	357
831	144
831	2090
832	371
832	510
832	2091
832	2092
833	2093
833	156
833	444
833	2094
834	1689
834	1056
834	2095
834	2096
835	2097
835	2098
835	1644
835	1641
836	2099
836	1389
836	2100
836	1263
837	1606
837	2101
837	479
837	2102
838	446
838	2103
838	2104
839	1887
839	828
839	594
839	2105
840	25
840	2106
840	2107
840	747
841	750
841	2108
841	242
841	969
842	2109
842	2110
842	2111
842	674
843	1
843	2112
843	2113
843	2114
844	748
844	2115
844	2116
844	2117
845	2118
845	1594
845	131
845	2119
846	247
846	746
846	928
846	2120
847	2121
847	2122
847	2123
847	2124
848	395
849	284
849	113
849	438
849	1015
850	2125
850	2126
850	2127
850	2128
851	2129
851	2130
851	2131
851	2132
852	2133
852	2134
852	2135
852	2136
853	2137
853	2138
853	2139
853	481
854	2140
854	2141
854	2142
854	2143
855	2144
855	2145
855	1700
855	2146
856	508
856	712
856	1224
856	2147
857	2148
857	2149
857	2150
857	2151
858	2152
858	2153
858	2154
858	2155
859	2156
859	2157
859	2158
859	2159
860	609
860	2160
860	2161
860	2162
861	2163
861	171
861	1689
862	342
862	1081
862	377
862	318
863	2164
863	2165
863	2166
864	553
864	272
864	376
864	338
865	536
865	315
865	16
865	917
866	12
866	666
866	1811
866	1137
867	628
867	762
867	2167
867	2168
868	2169
868	2170
868	2171
868	2172
869	2173
869	126
869	1116
869	2174
870	748
870	2175
870	2176
870	2177
871	2178
871	2179
871	1015
871	2180
872	2030
872	1888
872	1585
872	2181
873	2182
873	2183
873	108
873	59
874	726
874	2184
874	2185
874	2186
875	33
875	1568
875	382
875	12
876	2187
876	291
876	2188
876	2189
877	1054
877	46
877	747
877	932
878	2109
878	488
878	2190
878	497
879	64
879	113
879	2191
879	2192
880	908
880	2193
880	1888
880	2194
881	2187
881	291
881	2188
881	2189
882	169
882	2195
882	700
882	2196
883	108
883	938
883	2197
883	2198
884	2199
884	2200
884	2201
884	2202
885	925
885	130
885	2203
885	2204
886	17
886	1491
886	2082
886	813
887	2205
887	2206
887	2207
887	513
888	152
888	1567
888	1079
888	2208
889	2209
889	2210
889	2211
889	2212
890	1288
890	2213
890	2214
890	2215
891	2216
891	2217
891	2218
891	2219
892	96
892	441
892	1569
892	2220
893	1
893	1531
893	1916
893	2221
894	2057
894	2222
894	2223
894	2224
895	1163
895	2225
895	2226
895	2227
896	594
896	2228
896	2229
896	2230
897	2231
897	2232
897	2233
897	1972
898	346
898	442
898	2030
898	2234
899	2235
899	312
899	2236
899	2237
900	2238
900	2239
900	2240
900	2241
901	1106
901	1506
901	2242
901	2243
902	721
902	765
902	290
902	357
903	714
903	2244
903	1600
903	1326
904	2245
904	2246
904	2247
904	2248
905	647
905	882
905	2249
905	434
906	267
906	1311
906	1117
906	2250
907	2251
907	2252
907	2253
907	2254
908	2255
908	2256
908	2257
908	2258
909	2259
909	1810
909	2260
909	2261
910	2262
910	2263
910	1508
910	2264
911	2265
911	2266
911	2267
911	2268
912	111
912	152
912	2269
913	1498
913	2270
913	2271
913	2272
914	108
914	1860
914	2273
914	2274
915	12
915	312
915	728
915	168
916	1811
916	798
916	2275
916	2276
917	25
917	554
917	2277
917	2278
918	416
918	189
918	2279
918	2280
919	2281
919	2282
919	2283
919	582
920	2284
920	565
920	282
920	2285
921	2286
921	2287
921	20
921	2288
922	180
922	2289
922	672
922	1051
923	20
923	2290
923	2291
923	2292
924	721
924	167
924	1429
924	2293
925	2294
925	1959
925	2295
925	2296
926	1476
926	1946
926	1073
926	614
927	2297
927	2298
927	2299
927	2300
928	2301
928	2302
928	2273
928	2303
929	2304
929	2305
929	2306
929	1105
930	713
930	207
930	2307
930	2261
931	443
931	110
931	867
931	2302
932	1081
932	2308
932	2309
932	2310
933	747
933	545
933	1954
933	1707
934	118
934	2311
934	1052
934	2312
935	756
935	2313
935	2314
935	1182
936	804
936	1554
936	1324
936	2315
937	746
937	715
937	1719
937	169
938	941
938	1946
938	1113
938	58
939	329
939	108
939	711
939	616
940	823
940	357
940	156
940	1287
941	336
941	823
941	1981
941	2316
942	2317
942	2318
942	2319
942	2320
943	1874
943	2321
943	2322
943	232
944	15
944	2312
944	2214
944	2323
945	1331
945	456
945	190
945	1164
946	2324
946	235
946	2325
946	2326
947	2327
947	727
947	1980
947	2328
948	2329
948	2330
948	2331
948	2332
949	2333
949	2334
949	2335
949	627
950	169
950	2336
950	2220
950	2337
951	2338
951	846
951	2076
951	2066
952	2339
952	428
952	2340
952	2341
953	666
953	220
953	2342
953	2343
954	2340
954	2344
954	2345
954	2346
955	647
955	232
955	2347
955	2348
956	294
956	1255
956	25
956	1983
957	172
957	2349
957	2350
957	2351
958	2352
958	20
958	2353
958	2354
959	2355
959	2356
959	799
959	2357
960	867
960	2358
960	726
960	2359
961	2360
961	2361
961	2362
961	2363
962	974
962	2364
962	2365
962	2366
963	728
963	2367
963	730
963	2368
964	1982
964	1445
964	851
964	1411
965	456
965	2097
965	2369
965	2370
966	1331
966	2371
966	2372
966	2373
967	2374
967	656
967	2375
967	2376
968	2377
968	2378
968	2379
968	2380
969	1669
969	366
969	602
969	2381
970	2382
970	2383
970	2384
970	2385
971	2386
971	2387
971	2388
971	2389
972	347
972	150
972	1006
972	2390
973	395
974	257
974	417
974	2391
974	2392
975	1465
975	2115
975	2393
975	2081
976	2394
976	2395
976	243
976	2396
977	546
977	2397
977	1487
977	996
978	554
978	1506
978	869
978	2086
979	1079
979	864
979	18
979	2398
980	714
980	2399
980	555
980	2400
981	2401
981	2402
981	2403
981	2404
982	1045
982	2405
982	1880
982	2406
983	1799
983	268
983	2217
983	2407
984	291
984	166
984	343
984	2408
985	244
985	1917
985	1212
985	2409
986	393
986	1946
986	2410
986	2411
987	301
987	2412
987	2413
987	2414
988	2415
988	2416
988	1048
988	2417
989	1499
989	2418
989	2419
989	2420
990	1139
990	2421
990	2422
990	2423
991	1874
991	236
991	976
991	2203
992	66
992	813
992	2424
992	934
993	2425
993	2426
993	2427
993	15
994	2428
994	713
994	2429
994	2430
995	2431
995	2432
995	2433
996	2434
996	2435
996	1916
996	2436
997	2437
997	2438
997	628
997	2439
998	667
998	2440
998	1467
998	2441
999	2442
999	10
999	1786
999	47
1000	398
1000	761
1000	2179
1000	2443
1001	1110
1001	2444
1001	2445
1001	2446
1002	154
1002	923
1002	2447
1002	2448
1003	2109
1003	488
1003	2190
1003	497
1004	1039
1004	13
1004	438
1004	2449
1005	223
1005	2450
1005	2451
1006	1408
1006	2452
1006	2453
1006	2454
1007	2455
1007	2456
1007	2457
1007	1165
1008	1953
1008	2458
1008	2459
1008	2460
1009	2461
1009	2462
1009	2463
1009	2464
1010	1742
1010	255
1010	46
1010	1871
1011	1819
1011	2359
1011	913
1011	1918
1012	2465
1012	2466
1012	2467
1012	2468
1013	1161
1013	2404
1013	860
1013	1874
1014	840
1014	2469
1014	1913
1014	884
1015	2470
1015	2471
1015	2472
1015	2473
1016	2474
1016	2475
1016	2243
1016	2476
1017	1414
1017	2477
1017	357
1017	2478
1018	60
1018	125
1018	2479
1018	2480
1019	1919
1019	2481
1019	2482
1020	2483
1020	1345
1020	468
1020	2484
1021	2485
1021	2486
1021	2487
1021	2488
1022	2489
1022	2490
1022	2491
1022	2492
1023	96
1023	709
1023	1008
1023	1567
1024	2493
1024	2494
1024	2495
1024	412
1025	750
1025	2496
1025	2408
1025	2497
1026	2498
1026	2323
1026	2499
1026	2500
1027	2501
1027	2502
1027	2503
1027	2504
1028	190
1028	553
1028	2505
1028	2506
1029	1563
1029	844
1029	482
1029	2441
1030	3
1030	2507
1030	1166
1030	770
1031	2508
1031	2509
1031	1116
1031	2510
1032	2511
1032	2310
1032	2512
1032	2513
1033	428
1033	257
1033	2514
1033	2515
1034	1045
1034	2516
1034	2214
1034	2517
1035	874
1035	394
1035	2518
1035	2519
1036	2520
1036	2521
1036	1765
1036	2522
1037	2523
1037	746
1037	2524
1037	2525
1038	2526
1038	2527
1038	2528
1038	629
1039	2529
1039	299
1039	2530
1039	2531
1040	307
1040	145
1040	2532
1040	2533
1041	709
1041	2534
1041	314
1041	2535
1042	415
1042	826
1042	2335
1042	2536
1043	1106
1043	670
1043	2537
1043	2538
1044	745
1044	438
1044	756
1044	509
1045	2539
1045	2540
1045	2541
1045	2542
1046	554
1046	113
1046	246
1046	368
1047	745
1047	666
1047	2543
1047	2544
1048	1583
1048	2545
1048	2546
1048	100
1049	2547
1049	2548
1049	535
1049	47
1050	1635
1050	1350
1050	1623
1050	2549
1051	371
1051	98
1051	597
1051	2550
1052	1106
1052	992
1052	1069
1052	269
1053	2551
1053	1105
1053	2083
1053	1983
1054	2552
1054	246
1054	1113
1054	1525
1055	375
1055	45
1055	894
1055	327
1056	2553
1056	2281
1056	2554
1056	2555
1057	2556
1057	882
1057	2557
1057	1099
1058	397
1058	346
1058	2336
1058	2558
1059	2559
1059	2560
1059	2561
1059	2562
1060	181
1060	2563
1060	2564
1060	1762
1061	1339
1061	107
1061	67
1061	453
1062	555
1062	2565
1062	2566
1062	2567
1063	2568
1063	2569
1063	520
1063	2570
1064	2571
1064	2572
1064	1576
1064	2573
1065	2574
1065	2575
1066	108
1066	1137
1066	1013
1066	266
1067	2576
1067	2577
1067	2578
1067	2579
1068	2580
1068	2581
1068	2582
1068	2583
1069	2584
1069	2585
1069	141
1069	2586
1070	357
1070	2587
1070	18
1070	2588
1071	988
1071	2433
1071	2256
1071	2589
1072	2590
1072	154
1072	2591
1072	1166
1073	2592
1073	518
1073	1324
1073	2593
1074	712
1074	647
1074	1913
1074	2119
1075	2195
1075	1402
1075	1066
1075	1554
1076	335
1076	2594
1076	2595
1076	2596
1077	1825
1077	762
1077	2597
1077	1972
1078	2598
1079	1738
1079	1235
1079	2599
1079	2600
1080	2601
1080	2602
1080	2603
1080	2604
1081	2590
1081	2605
1081	1578
1081	2606
1082	2360
1082	707
1082	2607
1082	2608
1083	1860
1083	1392
1083	109
1083	2609
1084	631
1084	2610
1084	756
1084	2611
1085	330
1085	1271
1085	2612
1085	1362
1086	2613
1086	1315
1086	2614
1086	2615
1087	2616
1087	2617
1087	2618
1087	2619
1088	1045
1088	2620
1088	2621
1088	589
1089	145
1089	1039
1089	547
1089	2622
1090	552
1090	2590
1090	546
1090	868
1091	2623
1091	643
1091	2624
1091	2625
1092	941
1092	2626
1092	2627
1092	1174
1093	915
1093	2628
1093	2535
1093	2629
1094	105
1094	2207
1094	2630
1094	2631
1095	1545
1095	844
1095	2632
1095	2633
1096	198
1096	249
1096	324
1096	2634
1097	2635
1097	2636
1097	1863
1097	2002
1098	1950
1098	183
1098	2637
1098	2638
1099	2639
1099	2640
1099	2641
1100	2607
1100	2642
1101	155
1101	104
1101	166
1101	38
1102	125
1102	1983
1102	2643
1102	1819
1103	2217
1103	2587
1103	2644
1103	2645
1104	2646
1104	2647
1104	2648
1105	2649
1105	641
1105	1487
1105	1540
1106	881
1106	2650
1106	647
1106	2651
1107	183
1107	2652
1107	2313
1107	2653
1108	616
1108	2654
1108	2655
1108	2656
1109	16
1109	316
1109	2657
1109	2658
1110	287
1110	1960
1110	1195
1110	2659
1111	2660
1111	2661
1111	2662
1111	2663
1112	111
1112	811
1112	780
1112	2664
1113	169
1113	1708
1113	264
1113	247
1114	2665
1114	1311
1114	2666
1114	2667
1115	2668
1115	2669
1115	2670
1115	2671
1116	2672
1116	2673
1116	1361
1116	2674
1117	197
1117	2675
1117	290
1117	1521
1118	128
1118	2676
1118	1228
1118	2677
1119	1874
1119	869
1119	671
1119	2424
1120	190
1120	2678
1120	1271
1120	2679
1121	114
1121	2680
1121	2681
1121	2682
1122	2683
1122	2684
1122	478
1122	2685
1123	1380
1123	2686
1123	1225
1123	1375
1124	2687
1124	1606
1124	1704
1124	2688
1125	2371
1125	2689
1125	2690
1125	1822
1126	2691
1126	2692
1126	2693
1126	2694
1127	112
1127	894
1127	1945
1127	2675
1128	2695
1128	2696
1128	2697
1128	2698
1129	2699
1129	2700
1129	2701
1129	2702
1130	2703
1130	2704
1131	2705
1131	2706
1131	1154
1131	2619
1132	713
1132	813
1132	628
1132	1491
1133	1353
1133	1394
1133	1689
1133	2707
1134	2708
1134	1529
1134	2279
1134	2709
1135	110
1135	189
1135	1079
1135	1994
1136	554
1136	1587
1136	1776
1136	371
1137	2710
1137	2711
1137	2712
1137	2713
1138	2714
1138	2715
1138	1050
1138	2716
1139	1326
1139	986
1139	2717
1139	139
1140	197
1140	1013
1140	264
1140	794
1141	2718
1141	2719
1141	2720
1141	2721
1142	2722
1142	2723
1142	2724
1142	624
1143	2725
1143	2726
1143	882
1143	513
1144	2727
1144	2728
1144	2729
1144	2730
1145	714
1145	347
1145	730
1145	2731
1146	2270
1146	2732
1146	1738
1146	451
1147	2733
1147	2734
1147	2735
1147	2736
1148	395
1148	396
1149	2737
1149	2738
1149	2739
1149	2740
1150	552
1150	221
1150	1015
1150	247
1151	2741
1151	2742
1151	1011
1151	645
1152	2743
1152	137
1152	2744
1152	145
1153	2399
1153	2745
1153	1902
1153	2746
1154	2747
1154	2748
1154	1607
1155	2749
1155	2750
1155	2751
1155	2752
1156	2753
1156	2700
1156	2754
1156	2755
1157	283
1157	151
1157	2756
1157	2757
1158	2758
1158	2759
1158	2760
1159	2761
1159	2762
1159	2763
1159	2764
1160	1597
1160	2765
1160	2766
1160	2767
1161	1487
1161	2768
1161	2769
1161	2770
1162	2771
1162	2772
1162	2773
1162	2774
1163	113
1163	1064
1163	1857
1163	1029
1164	2434
1164	827
1164	2024
1164	2775
1165	1104
1165	1110
1165	2776
1165	1414
1166	2777
1166	2778
1166	2779
1166	2780
1167	932
1167	910
1167	2781
1167	2782
1168	713
1168	2783
1168	2784
1168	2785
1169	2786
1169	1198
1169	513
1169	2787
1170	2788
1170	2789
1170	2790
1170	2791
1171	2792
1171	2793
1171	2794
1171	2795
1172	189
1172	757
1172	2796
1172	1801
1173	2797
1173	2798
1173	2799
1173	2800
1174	1337
1174	1334
1174	1576
1174	2801
1175	2802
1175	2477
1175	605
1175	2803
1176	2532
1176	204
1176	509
1176	2804
1177	1597
1177	1392
1177	241
1177	814
1178	2093
1178	2805
1178	2806
1178	2807
1179	111
1179	2808
1179	2809
1179	2810
1180	714
1180	812
1180	2811
1180	977
1181	2108
1181	1759
1181	1163
1181	2812
1182	2178
1182	1546
1182	98
1182	2813
1183	204
1183	748
1183	1798
1183	254
1184	2814
1184	2815
1184	2816
1184	2817
1185	1563
1185	2715
1185	287
1185	1802
1186	2030
1186	1537
1186	2818
1186	2819
1187	2820
1187	2821
1187	2822
1187	2823
1188	484
1188	748
1188	749
1188	329
1189	2824
1189	629
1189	2731
1189	2825
1190	1328
1190	1136
1190	2826
1190	2827
1191	2828
1191	609
1191	2829
1191	2830
1192	917
1192	2831
1192	2832
1192	2833
1193	2834
1193	2835
1193	2836
1193	2837
1194	2838
1194	2622
1194	2839
1194	2840
1195	2841
1195	2842
1195	2843
1195	2844
1196	2845
1196	2846
1196	2847
1196	2848
1197	438
1197	1786
1197	2194
1197	933
1198	2849
1198	2850
1198	2851
1198	2852
1199	814
1199	2853
1199	2854
1199	2855
1200	1359
1200	1525
1200	2856
1200	2857
1201	1657
1201	2858
1201	2859
1201	2860
1202	2861
1202	2862
1202	2863
1203	2097
1203	2098
1203	1641
1203	2864
1204	1643
1204	2865
1204	2866
1204	2867
1205	1137
1205	183
1205	510
1205	2868
1206	1702
1206	2869
1206	1175
1206	2617
1207	2870
1207	819
1207	1311
1207	293
1208	2870
1208	513
1208	416
1208	419
1209	375
1209	686
1209	2871
1209	324
1210	118
1210	1506
1210	910
1210	2765
1211	715
1211	111
1211	1046
1211	2872
1212	2873
1212	2874
1212	2875
1212	2876
1213	2877
1213	885
1213	2408
1213	1754
1214	2878
1214	2879
1214	2880
1214	2881
1215	2882
1215	2883
1215	2884
1215	2885
1216	2886
1216	2887
1216	2888
1216	2889
1217	966
1217	125
1217	290
1217	2890
1218	2404
1218	2187
1218	1888
1218	2891
1219	2892
1219	2893
1219	266
1219	2894
1220	2225
1220	2079
1220	2557
1220	1212
1221	909
1221	189
1221	440
1221	1881
1222	484
1222	761
1222	307
1222	2745
1223	769
1223	2895
1223	870
1223	2896
1224	2897
1224	823
1224	98
1224	2898
1225	2899
1225	168
1225	2900
1225	2901
1226	909
1226	594
1226	1568
1226	698
1227	1199
1227	259
1227	2902
1227	2903
1228	750
1228	2904
1228	2905
1228	2906
1229	2802
1229	131
1229	853
1229	2907
1230	2908
1230	2505
1230	2909
1230	810
1231	750
1231	2910
1231	306
1231	2911
1232	11
1232	2912
1232	2913
1232	2914
1233	2834
1233	2915
1233	2916
1234	2917
1234	2918
1234	1165
1234	2919
1235	2920
1235	2921
1235	2922
1235	2923
1236	2924
1236	2925
1236	2926
1236	2927
1237	974
1237	513
1237	909
1237	880
1238	2792
1238	2794
1238	2928
1238	2929
1239	512
1239	626
1239	1877
1239	2343
1240	2930
1240	2931
1240	1961
1240	227
1241	2474
1241	2932
1241	2933
1241	2934
1242	2935
1242	2936
1242	2937
1242	2938
1243	2939
1243	2940
1243	2941
1243	2942
1244	1115
1244	2943
1244	2944
1244	2945
1245	2034
1245	213
1245	2946
1245	2947
1246	337
1246	1422
1246	2948
1246	2949
1247	771
1247	869
1247	666
1247	138
1248	771
1248	198
1248	2214
1248	2950
1249	428
1249	1542
1249	2951
1249	2952
1250	2953
1250	1569
1250	450
1250	2954
1251	2955
1251	2956
1251	2957
1251	2958
1252	2959
1252	2960
1252	1546
1252	2961
1253	2643
1253	2962
1253	1981
1253	2963
1254	336
1254	392
1254	2327
1254	2207
1255	988
1255	2964
1255	2965
1255	508
1256	2966
1256	453
1256	2967
1257	2966
1257	453
1257	2967
1258	2342
1258	913
1258	922
1258	2968
1259	648
1259	1014
1259	765
1259	2969
1260	244
1260	867
1260	2846
1260	2970
1261	2195
1261	2242
1261	2971
1261	2972
1262	2973
1262	2974
1262	2587
1262	1014
1263	2975
1263	986
1263	2976
1263	2977
1264	105
1264	2978
1264	2979
1264	1198
1265	2980
1265	2981
1265	2982
1265	2983
1266	2984
1266	2985
1266	2986
1266	2987
1267	66
1267	220
1267	1491
1267	2633
1268	1028
1268	2988
1268	259
1268	77
1269	1606
1269	456
1269	1632
1269	2989
1270	428
1270	334
1270	97
1270	2990
1271	397
1271	1597
1271	1008
1271	2991
1272	2992
1272	2993
1272	2994
1272	2995
1273	25
1273	2996
1273	785
1273	2997
1274	1154
1274	2998
1274	2999
1274	3000
1275	2705
1275	2217
1275	592
1275	3001
1276	1330
1276	3002
1276	1414
1276	3003
1277	1163
1277	3004
1277	2193
1277	3005
1278	1161
1278	3006
1278	3007
1278	3008
1279	2563
1279	3009
1279	3010
1279	2608
1280	3011
1280	2034
1280	3012
1280	642
1281	3013
1281	3014
1281	944
1281	3015
1282	1270
1282	1269
1282	190
1282	344
1283	553
1283	190
1283	3016
1283	3017
1284	877
1284	944
1284	344
1284	3018
1285	2868
1285	2520
1285	3019
1285	536
1286	800
1286	801
1286	802
1286	803
1287	3020
1287	3021
1287	3022
1287	3023
1288	2550
1288	3024
1288	3025
1288	3026
1289	3027
1289	1138
1289	3028
1290	296
1290	883
1290	3029
1290	2592
1291	2093
1291	337
1291	376
1291	2827
1292	3030
1292	3031
1292	134
1292	3032
1293	878
1293	3033
1293	2698
1293	3034
1294	3035
1294	3036
1294	3037
1294	3038
1295	3039
1295	819
1295	2557
1295	1953
1296	555
1296	119
1296	956
1296	107
1297	1391
1297	757
1297	558
1297	3040
1298	2097
1298	3041
1298	1611
1298	3042
1299	3043
1299	1331
1299	1673
1299	3044
1300	3045
1300	3046
1300	514
1300	3047
1301	665
1301	3048
1301	3049
1301	3050
1302	3051
1302	3052
1302	3053
1302	3054
1303	1426
1303	3055
1303	3056
1303	3057
1304	3058
1304	3059
1304	840
1304	3060
1305	1934
1305	3061
1305	3062
1306	3063
1306	3064
1306	3065
1306	3066
1307	3067
1307	3068
1307	3069
1307	3070
1308	3071
1308	3072
1308	2608
1308	2086
1309	3073
1309	3074
1309	3075
1309	3076
1310	1636
1310	3077
1310	3078
1310	3079
1311	2311
1311	150
1311	3080
1311	3012
1312	3081
1312	3082
1312	3083
1312	3026
1313	204
1313	864
1313	450
1313	3084
1314	1960
1314	320
1314	1759
1314	1977
1315	1861
1315	1676
1315	442
1315	3085
1316	643
1316	77
1316	296
1316	98
1317	1039
1317	2946
1317	3086
1317	1134
1318	3087
1318	3088
1318	3089
1318	3090
1319	3091
1319	3092
1319	508
1319	3093
1320	3094
1320	1994
1320	2399
1320	1601
1321	105
1321	3095
1321	109
1321	1801
1322	395
1323	3096
1323	3097
1323	3098
1324	3099
1324	3100
1324	3101
1324	3102
1325	3103
1325	3104
1325	3105
1325	2301
1326	3106
1326	3107
1326	3108
1326	3109
1327	199
1327	213
1327	1986
1327	3110
1328	125
1328	1212
1328	3111
1328	3112
1329	2597
1329	1313
1329	436
1329	524
1330	77
1330	3113
1330	3114
1330	3115
1331	3116
1332	3117
1332	3118
1332	3119
1333	3120
1333	3121
1333	3122
1333	3123
1334	2005
1334	66
1334	1406
1334	3124
1335	206
1335	2280
1335	2786
1336	837
1336	134
1336	3125
1336	3126
1337	2028
1337	665
1337	3127
1337	3128
1338	3129
1338	2417
1338	3130
1338	3131
1339	3132
1339	3133
1339	3134
1339	3135
1340	3136
1340	3137
1340	3138
1340	3139
1341	3140
1341	3141
1341	3142
1341	3143
1342	3144
1342	3145
1342	3146
1342	3147
1343	3148
1343	3149
1343	3150
1343	3151
1344	3152
1344	3153
1344	3154
1345	3155
1345	3156
1345	2292
1346	3157
1346	3158
1346	3159
1346	3160
1347	808
1347	3161
1347	3162
1347	3163
1348	3164
1348	3165
1348	3166
1348	3167
1349	3168
1349	3169
1349	3170
1349	3171
1350	3172
1350	3173
1350	3174
1351	3175
1351	541
1351	80
1351	627
1352	3176
1352	3177
1352	3052
1352	3178
1353	3179
1353	3180
1354	3181
1354	3182
1354	3183
1354	3184
1355	264
1355	3185
1355	267
1355	3186
1356	3187
1356	3188
1356	3189
1356	3190
1357	910
1357	3191
1357	3192
1357	3193
1360	3194
1360	3195
1360	3196
1361	3197
1361	3198
1361	3199
1361	3200
1362	3201
1362	3202
1362	1429
1362	3203
1363	1446
1364	449
1364	3204
1364	3205
1364	2224
1365	3206
1366	3207
1366	3208
1366	3209
1367	3210
1367	1656
1367	3211
1367	3212
1368	2846
1368	1514
1368	3213
1368	2246
1369	3214
1369	3215
1369	3216
1370	3217
1370	3218
1370	3219
1370	3220
1371	3221
1371	3222
1371	1420
1371	3223
1372	3224
1372	3225
1372	1412
1372	3226
1373	3227
1373	3228
1373	3229
1373	3230
1374	3231
1374	3232
1374	3233
1374	3234
1375	3235
1375	3236
1375	3237
1375	3238
1376	205
1376	3239
1376	1852
1376	423
1377	3240
1377	1873
1377	3241
1377	3242
1378	3243
1378	3244
1378	3245
1378	3246
1379	3247
1379	3248
1379	3249
1379	3250
1380	3251
1380	2585
1380	1902
1380	828
1381	201
1381	436
1381	3252
1381	3253
1382	3254
1382	3255
1382	3256
1382	3257
1383	3258
1383	3175
1383	497
1383	3259
1384	3260
1384	3261
1384	3262
1384	3263
1385	1980
1385	3264
1385	868
1385	3265
1386	3266
1386	3267
1386	3268
1386	3269
1387	1949
1387	9
1387	3270
1387	3271
1388	3272
1388	3273
1388	3274
1388	3275
1389	3276
1389	3277
1389	3278
1389	3279
1390	3280
1390	3281
1390	3282
1390	1066
1391	3283
1391	3284
1391	3285
1391	3286
1392	2335
1392	2788
1392	523
1392	974
1393	3287
1393	3288
1393	3289
1393	3290
1394	2307
1394	682
1394	3291
1395	3292
1395	3293
1395	3294
1395	3295
1396	3296
1396	3297
1396	3298
1396	3299
1397	3300
1397	1621
1397	3301
1397	3302
1398	3303
1398	3304
1398	3305
1398	1458
1399	209
1399	3306
1399	3307
1399	3308
1400	3309
1400	1481
1400	3310
1400	3311
1401	3312
1401	2041
1401	3313
1401	1041
1402	3314
1402	3315
1402	3316
1402	3317
1403	3318
1403	3319
1403	3320
1403	3321
1404	3027
1404	1760
1404	3322
1405	3323
1405	3324
1405	3325
1406	3326
1406	3327
1406	917
1406	3328
1407	966
1407	552
1407	1587
1407	2473
1408	3329
1408	3330
1408	3331
1408	3332
1409	1546
1409	3333
1409	3334
1409	3335
1410	3336
1410	3337
1410	3338
1410	3339
1411	560
1411	3340
1411	3341
1411	1915
1412	3342
1412	3343
1412	3344
1412	3345
1413	1045
1413	1112
1413	2208
1413	751
1414	2270
1414	1630
1414	267
1414	2162
1415	2617
1415	3346
1415	2805
1415	3347
1416	2577
1416	3348
1416	3349
1416	3350
1417	3157
1417	3351
1417	3352
1417	3353
1418	3354
1418	3355
1418	3356
1418	3357
1419	1218
1419	2394
1419	3358
1421	3359
1421	3360
1421	3361
1421	3362
1422	3363
1422	3364
1422	3365
1422	3366
1423	3367
1423	3368
1423	3369
1423	3370
1424	3371
1424	26
1424	3372
1424	3373
1425	714
1425	1047
1425	2897
1425	3374
1426	3375
1426	3376
1426	3377
1426	3378
1427	865
1427	3379
1427	3380
1427	3381
1428	3382
1428	3383
1428	3384
1428	3385
1429	882
1429	262
1429	383
1429	285
1430	1917
1430	3386
1430	1529
1430	3387
1431	3012
1431	3388
1431	3389
1431	3390
1432	614
1432	508
1432	3391
1432	3392
1433	3393
1433	3394
1433	3395
1433	3396
1434	3397
1434	3398
1434	3399
1434	3400
1435	909
1435	555
1435	3401
1436	1582
1436	698
1436	649
1436	3402
1437	3403
1437	3404
1437	3405
1437	3406
1438	1490
1438	2116
1438	3407
1438	1052
1439	1489
1439	1163
1439	2116
1439	3408
1440	3409
1440	874
1440	2034
1440	3410
1441	1103
1441	371
1441	3411
1441	3412
1442	165
1442	711
1442	438
1442	3413
1443	977
1443	3414
1443	2872
1443	3415
1444	2109
1444	488
1444	2190
1444	497
1445	3416
1445	3417
1445	3418
1445	3419
1446	395
1447	1124
1447	2217
1447	453
1447	3420
1448	114
1448	569
1448	3421
1448	3422
1449	3423
1449	3424
1449	3425
1449	3426
1450	1394
1450	1657
1450	3427
1450	3428
1451	3429
1451	3430
1451	3431
1451	1623
1452	2101
1452	3432
1452	3433
1452	3434
1453	3435
1453	1622
1453	478
1453	3436
1454	1725
1454	3437
1454	3438
1454	3439
1455	3440
1455	3441
1455	464
1455	1423
1456	861
1456	3442
1456	3443
1456	1378
1457	3444
1457	1170
1457	3445
1457	3446
1457	396
1458	2097
1458	1131
1458	3447
1458	1626
1459	3448
1459	3449
1459	3450
1459	3451
1460	3452
1460	3453
1460	3454
1460	3455
1461	1131
1461	3447
1461	3456
1461	3457
1462	114
1462	569
1462	3458
1462	2759
1463	3459
1463	3460
1463	3461
1463	3462
1464	438
1464	198
1464	2608
1464	1997
1465	3071
1465	238
1465	3463
1465	3464
1466	701
1466	3465
1466	3466
1466	1538
1467	392
1467	1860
1467	1504
1467	3467
1468	938
1468	3468
1468	3469
1468	3470
1469	2563
1469	938
1469	773
1469	3471
1470	3472
1470	3473
1470	3474
1470	3475
1471	298
1471	2969
1471	1054
1471	3476
1472	3477
1472	3478
1472	3479
1472	3480
1473	3481
1473	3482
1473	3483
1473	3484
1474	2438
1474	3485
1474	3486
1474	3487
1475	3488
1475	3489
1475	3490
1475	3491
1476	342
1476	3492
1476	3493
1476	2328
1477	3494
1477	1324
1477	714
1477	3495
1478	2030
1478	306
1478	2187
1478	2447
1479	2992
1479	3496
1479	3497
1479	3498
1480	2687
1480	3499
1480	3500
1480	3501
1481	2745
1481	2115
1481	857
1481	2356
1482	3502
1482	3503
1482	3504
1483	244
1483	3312
1483	1064
1483	510
1484	3505
1484	3506
1484	555
1484	328
1485	3507
1485	3508
1485	3509
1485	3510
1486	1166
1486	19
1486	2221
1486	374
1487	851
1487	611
1487	2617
1487	3511
1488	3512
1488	3513
1488	3514
1488	3515
1489	546
1489	19
1489	1166
1489	672
1490	3516
1490	3517
1490	3518
1490	3519
1491	3520
1491	3521
1491	3522
1491	3523
1492	3524
1492	3525
1492	3526
1492	3527
1493	3528
1493	482
1493	3529
1493	3530
1494	3531
1494	3532
1494	3533
1494	3534
1495	3535
1495	1154
1495	2585
1495	3536
1496	1110
1496	3537
1496	1330
1496	2473
1497	499
1497	722
1497	3538
1498	3539
1498	3540
1498	3541
1498	3542
1499	3543
1500	935
1500	3544
1500	3545
1500	3546
1501	1920
1501	3547
1501	3548
1501	3549
1502	1874
1502	1029
1502	3550
1502	3551
1503	2551
1503	3552
1503	3553
1503	1160
1504	2861
1504	2862
1504	2863
1505	1587
1505	646
1505	3554
1505	3555
1506	3556
1506	3557
1506	3558
1506	3559
1507	2908
1507	3560
1507	2297
1507	3561
1508	1054
1508	1870
1508	730
1508	3562
1509	335
1509	1887
1509	57
1509	2811
1510	1596
1510	45
1510	56
1510	298
1511	308
1511	296
1511	634
1511	3563
1512	3564
1512	3565
1512	3566
1512	3567
1513	3568
1513	1122
1513	3569
1513	1528
1514	3570
1514	2497
1514	638
1514	3571
1515	2424
1515	635
1515	1728
1515	110
1516	3572
1516	3573
1516	3574
1517	1799
1517	3011
1517	1850
1517	1862
1518	715
1518	1799
1518	880
1518	761
1519	3575
1519	3576
1519	3577
1519	3578
1520	3579
1520	3580
1520	3581
1520	3582
1521	1860
1521	1954
1521	1029
1521	1811
1522	998
1522	424
1522	45
1522	1811
1523	3157
1523	415
1523	1547
1523	3583
1524	3584
1524	3585
1524	3586
1524	1699
1525	1056
1525	3587
1525	2182
1525	3588
1526	193
1526	556
1526	3589
1526	2177
1527	2560
1527	1003
1527	3590
1527	3591
1528	129
1528	2303
1528	3592
1528	3593
1529	3594
1529	3595
1529	3596
1529	3597
1530	714
1530	882
1530	3598
1530	2946
1531	798
1531	1315
1531	2717
1531	3599
1532	1951
1532	3600
1532	3601
1532	3602
1533	2908
1533	3603
1533	3604
1533	3605
1534	3606
1534	3607
1534	3608
1534	3609
1535	571
1535	403
1535	3610
1535	3611
1537	3612
1537	3613
1537	1099
1537	521
1538	3614
1538	3615
1538	3616
1538	3617
1539	3618
1539	3619
1539	3455
1539	3620
1540	2408
1540	3621
1540	3622
1540	3623
1541	2459
1541	1506
1541	3624
1542	165
1542	711
1542	438
1542	3413
1543	3570
1543	2177
1543	3625
1543	2979
1544	1531
1544	2434
1544	3626
1544	3627
1545	3628
1545	3629
1545	3630
1545	45
1546	3631
1546	3632
1546	3633
1546	3634
1547	3635
1547	3636
1547	1376
1547	3637
1548	548
1548	3638
1548	128
1548	3639
1549	78
1549	3640
1549	548
1549	1993
1550	1798
1550	323
1550	3641
1550	65
1551	3495
1551	3642
1551	3643
1551	3644
1552	111
1552	46
1552	3645
1552	3646
1553	247
1553	439
1553	2609
1553	2769
1554	32
1554	1125
1554	640
1554	441
1555	3647
1555	3648
1555	3649
1555	3650
1556	1474
1556	3651
1556	3652
1556	90
1557	3653
1557	3654
1557	2403
1557	3655
1558	3656
1558	3657
1558	3658
1558	3423
1559	844
1559	3659
1559	3660
1559	3661
1560	2442
1560	10
1560	1786
1560	47
1561	3662
1561	3663
1562	3664
1562	969
1562	3665
1563	3666
1563	3667
1563	1483
1563	3668
1564	3669
1564	3670
1564	3671
1564	3672
1565	3673
1565	3674
1565	3675
1565	3676
1566	3677
1566	3678
1566	3679
1566	1375
1567	3680
1567	3681
1567	3682
1567	3683
1568	3684
1568	3685
1568	3686
1568	3687
1569	3688
1569	3689
1569	3690
1569	3691
1570	3692
1570	3693
1570	3694
1570	3695
1571	3696
1571	3697
1571	3698
1571	3699
1572	3700
1572	3701
1572	3702
1572	3703
1573	2959
1573	2849
1573	560
1573	1102
1574	434
1574	3704
1574	3705
1574	1238
1575	3706
1575	2164
1575	3707
1576	3708
1576	3709
1576	3710
1576	3711
1577	378
1577	381
1577	3712
1577	116
1578	3713
1578	3714
1578	3715
1578	3716
1579	60
1579	3717
1579	125
1579	3718
1580	3719
1580	3720
1580	3721
1580	3722
1582	3723
1582	3724
1582	3725
1582	3726
1583	3727
1583	3728
1583	3729
1583	3730
1584	3731
1584	3732
1584	3733
1585	3734
1585	3735
1585	3736
1586	1919
1586	2700
1586	3737
1587	1322
1587	1669
1587	3738
1587	3739
1588	3740
1588	3741
1588	3742
1589	3743
1592	3744
1592	3745
1592	3746
1592	3747
1593	296
1593	3748
1593	3749
1593	3750
1594	2645
1594	3751
1594	3752
1594	3753
1595	2591
1595	3754
1595	3755
1595	3756
1596	3757
1596	3758
1596	3759
1596	3760
1597	910
1597	3761
1597	3762
1597	3763
1598	66
1598	2745
1598	985
1598	7
1599	3764
1599	3594
1599	3765
1599	3766
1600	3767
1600	2843
1600	2841
1600	3768
1601	1414
1601	2367
1601	285
1601	3313
1602	762
1602	518
1602	1466
1602	1489
1603	2974
1603	3769
1603	3770
1603	3771
1604	3772
1604	3773
1604	3774
1604	3775
1605	3776
1605	3777
1605	3778
1605	3779
1606	213
1606	545
1606	927
1606	762
1607	3292
1607	3293
1607	3294
1607	3295
1608	3780
1608	3781
1608	3782
1608	3783
1609	1799
1609	181
1609	1041
1609	981
1610	748
1610	3784
1610	3785
1611	3786
1611	200
1611	3787
1611	3788
1612	3789
1612	3560
1612	3790
1612	2946
1613	3791
1613	3267
1613	3792
1613	3793
1614	1350
1614	3794
1614	716
1614	3795
1615	3796
1615	3797
1615	3798
1615	3799
1616	3800
1616	2275
1616	3801
1616	3802
1617	2802
1617	2477
1617	605
1617	2803
1618	747
1618	2870
1618	826
1618	90
1619	3803
1619	3804
1619	1449
1619	3805
1620	2560
1620	1490
1620	3537
1620	3806
1621	214
1621	3807
1621	3304
1621	3808
1622	1755
1622	1756
1622	1757
1622	1758
1623	2584
1623	3809
1623	2909
1623	3810
1624	3811
1624	3812
1624	3813
1624	3814
1625	3494
1625	1324
1625	714
1625	3495
1626	3815
1626	3816
1626	3817
1626	3818
1627	3819
1627	2642
1627	3820
1627	3821
1628	1513
1628	3822
1628	3823
1628	3824
1629	3825
1629	3826
1629	3827
1629	3828
1630	3829
1630	3830
1630	3831
1631	3832
1631	725
1631	3833
1631	3834
1632	1902
1632	3835
1632	3836
1632	3837
1633	3838
1633	1953
1633	3839
1634	3840
1634	3841
1634	3842
1635	3843
1635	3844
1635	3845
1635	3846
1636	3847
1636	3848
1636	3849
1636	3850
1637	1953
1637	3851
1637	3852
1637	3853
1638	974
1638	3854
1638	3855
1638	3856
1639	3857
1639	3858
1639	3859
1639	3860
1640	569
1640	3861
1640	3512
1640	3862
1641	3863
1641	3864
1641	3865
1641	3866
1642	201
1642	3867
1642	3868
1642	1914
1643	383
1643	3762
1643	3157
1643	3869
1644	3870
1644	2965
1644	1132
1644	1386
1645	3871
1645	3872
1645	3873
1645	3874
1646	2553
1646	3875
1646	3876
1646	3877
1647	1961
1647	3878
1647	3879
1648	2301
1648	1193
1648	3880
1649	3881
1649	3882
1649	3883
1649	3884
1650	3871
1650	3872
1650	3873
1650	3874
1651	1708
1651	375
1651	3885
1651	3886
1652	2286
1652	20
1652	3887
1652	2290
1653	1981
1653	609
1653	2224
1653	3888
1654	2917
1654	2918
1654	1165
1654	2919
1655	3889
1655	1728
1655	246
1655	196
1656	3789
1656	283
1656	3890
1656	3891
1657	13
1657	1860
1657	3892
1657	3893
1658	1149
1658	1855
1658	985
1658	1856
1659	376
1659	2049
1659	553
1659	1988
1660	3894
1660	3895
1660	3896
1660	3897
1661	1940
1661	308
1661	3898
1661	3899
1662	1013
1662	910
1662	2868
1662	3900
1663	3901
1663	1680
1663	3902
1663	3903
1664	336
1664	3904
1664	2079
1664	3905
1665	2243
1665	3906
1665	1964
1665	3907
1666	3101
1666	3908
1666	3909
1666	3910
1667	3911
1667	3912
1667	3913
1667	3914
1668	3375
1668	3915
1668	305
1668	3916
1669	3917
1669	3918
1669	1817
1669	3919
1670	3920
1670	3921
1670	3922
1670	3923
1671	1680
1671	999
1671	3924
1672	3925
1672	1028
1672	60
1672	3926
1673	1205
1673	148
1673	190
1673	3927
1674	3928
1674	3929
1674	3930
1674	3931
1675	204
1675	26
1675	649
1675	3932
1676	2557
1676	3933
1676	3934
1676	3935
1677	3936
1677	840
1677	3937
1677	3652
1678	3938
1678	3939
1679	3940
1679	2458
1679	814
1679	3941
1680	882
1680	262
1680	383
1680	285
1681	105
1682	3942
1682	3943
1682	3944
1682	3945
